v2.0 raw
1 2 13 f c 15 14 5
3 1 c 5 e 4 1 12
5 c 5 10 8 1 e 14
d f 15 e 14 1 9 e
10 1 12 1 4 9 13 5
15 c 14 9 d 1 14 5
4 f 3 15 d 5 e 14
18 5 e f 10 8 f 2
3 f d 10 15 14 5 12
5 e 7 9 e 5 5 12
6 5 13 14 9 16 1 c
4 9 13 3 f 16 5 12
e 1 16 9 7 1 14 5
f 10 5 12 1 14 f 12
7 5 e 5 12 1 14 5
10 9 3 14 15 12 5 13
2 15 9 c 4 9 e 7
3 8 9 c 4 12 5 e
8 f 13 10 9 14 1 c
b 9 14 3 8 5 e 13
c 1 e 7 15 1 7 5
d 9 13 14 1 b 5 13
e f 14 5 2 f f b
10 1 e 14 9 e 7 7
11 15 5 13 14 9 f e
12 5 13 5 1 12 3 8
13 f 6 14 17 1 12 5
13 14 12 1 14 5 7 19
14 12 1 9 e 9 e 7
16 1 3 1 14 9 f e
1 3 14 9 16 9 14 19
13 14 15 4 5 e 14 13
