v2.0 raw
1 10 10011 1111 1100 10101 10100 101
11 1 1100 101 1110 100 1 10010
101 1100 101 10000 1000 1 1110 10100
1101 1111 10101 1110 10100 1 1001 1110
10000 1 10010 1 100 1001 10011 101
10101 1100 10100 1001 1101 1 10100 101
10111 1 10100 101 10010 110 1 1100
11000 101 11100 1111 10000 1000 1111 10
11 1111 1101 10000 10101 10100 101 10010
101 1110 111 1001 1110 101 101 10010
110 101 10011 10100 1001 10110 1 1100
100 1001 10011 11 1111 10110 101 10010
1110 1 10110 1001 111 1 10100 101
1111 10000 101 10010 1 10100 1111 10010
111 101 1110 101 10010 1 10100 101
10 101 1 10101 10100 1001 110 11000
